9
sub 1    (0,0) (1,0)
mul 7680 (0,1) (0,2) (0,3) (0,4) (1,1)
div 3    (0,5) (0,6)
add 10   (0,7) (0,8) (1,8)
div 2    (1,2) (2,2)
mul 14   (1,3) (2,3)
sub 1    (1,4) (1,5)
mul 45   (1,6) (1,7) (2,7)
mul 432  (2,0) (2,1) (3,0)
add 29   (2,4) (3,4) (3,5) (4,5) (4,6)
eq  9    (2,5)
sub 3    (2,6) (3,6)
sub 4    (2,8) (3,8)
sub 2    (3,1) (3,2)
sub 8    (3,3) (4,3)
add 10   (3,7) (4,7) 
add 8    (4,0) (5,0) (5,1)
div 4    (4,1) (4,2) 
add 8    (4,4) (5,4) (5,5)
sub 4    (4,8) (5,8)
mul 210  (5,2) (5,3) (6,3)
div 2    (5,6) (5,7) 
sub 8    (6,0) (6,1)
eq  8    (6,2)
sub 5    (6,4) (7,4)
add 14   (6,5) (7,5) 
sub 4    (6,6) (6,7)
add 12   (6,8) (7,8) (7,7)
mul 280  (7,0) (7,1) (8,0) (8,1)
sub 3    (7,2) (8,2)
mul 96   (7,3) (8,3) (8,4)
mul 2    (7,6) (8,5) (8,6)
add 11   (8,7) (8,8)
